Model: vit_b_16
BatchSize: 32
Precision: fp32
TrainSamplesMeasured: 64
TrainSamplesTotalWithWarmup: 96
ValSamplesEvaluated: 0

Epoch:0 Loss: 0.0542459599673748
Epoch:1 Loss: 0.001507200999185443
