Model: resnet50
BatchSize: 8
Precision: fp32
TrainSamplesMeasured: 64
TrainSamplesTotalWithWarmup: 80
ValSamplesEvaluated: 64

Epoch:0 Loss: 7.651243209838867
Epoch:1 Loss: 8.979642868041992
Epoch:2 Loss: 9.388387680053711
Epoch:3 Loss: 9.996946334838867
Epoch:4 Loss: 10.155169486999512
Epoch:5 Loss: 9.593335151672363
Epoch:6 Loss: 10.877386093139648
Epoch:7 Loss: 12.463448524475098
